기간	자치구별	합계	승용차	승합차	화물차	특수차
2015.04	합계	313,337	309,561	1,189	1,841	746
2015.04	종로구	6,573	6,443	52	35	43
2015.04	중구	10,669	10,427	63	96	83
2015.04	용산구	15,534	15,405	44	82	3
2015.04	성동구	11,999	11,883	47	60	9
2015.04	광진구	8,634	8,551	38	44	1
2015.04	동대문구	6,884	6,796	24	61	3
2015.04	중랑구	4,713	4,616	27	61	9
2015.04	성북구	8,876	8,761	38	74	3
2015.04	강북구	3,485	3,447	14	20	4
2015.04	도봉구	4,329	4,254	21	50	4
2015.04	노원구	7,147	7,034	42	63	8
2015.04	은평구	6,834	6,759	20	51	4
2015.04	서대문구	6,318	6,228	31	46	13
2015.04	마포구	12,395	12,216	57	96	26
2015.04	양천구	11,673	11,354	54	77	188
2015.04	강서구	12,115	11,928	50	104	33
2015.04	구로구	7,084	6,939	32	81	32
2015.04	금천구	3,700	3,643	16	35	6
2015.04	영등포구	18,087	17,732	55	162	138
2015.04	동작구	8,525	8,457	18	44	6
2015.04	관악구	6,394	6,308	19	57	10
2015.04	서초구	38,401	38,090	129	130	52
2015.04	강남구	57,281	56,924	174	140	43
2015.04	송파구	26,731	26,536	78	103	14
2015.04	강동구	8,956	8,830	46	69	11
2015.05	합계	317,019	313,210	1,199	1,861	749
2015.05	종로구	6,621	6,485	58	35	43
2015.05	중구	10,662	10,422	64	96	80
2015.05	용산구	15,612	15,478	43	86	5
2015.05	성동구	12,244	12,129	48	59	8
2015.05	광진구	8,805	8,719	40	45	1
2015.05	동대문구	6,981	6,888	26	64	3
2015.05	중랑구	4,821	4,724	26	62	9
2015.05	성북구	9,020	8,904	39	74	3
2015.05	강북구	3,534	3,495	13	22	4
2015.05	도봉구	4,397	4,322	21	50	4
2015.05	노원구	7,296	7,182	42	64	8
2015.05	은평구	6,950	6,876	21	49	4
2015.05	서대문구	6,399	6,308	31	47	13
2015.05	마포구	12,709	12,532	53	98	26
2015.05	양천구	11,848	11,532	54	74	188
2015.05	강서구	12,330	12,138	52	107	33
2015.05	구로구	7,177	7,028	33	85	31
2015.05	금천구	3,748	3,687	16	35	10
2015.05	영등포구	18,241	17,885	55	163	138
2015.05	동작구	8,651	8,584	19	42	6
2015.05	관악구	6,497	6,406	21	60	10
2015.05	서초구	38,693	38,385	128	128	52
2015.05	강남구	57,726	57,367	173	142	44
2015.05	송파구	26,997	26,802	79	101	15
2015.05	강동구	9,060	8,932	44	73	11
2015.06	합계	321,931	318,073	1,219	1,897	742
2015.06	종로구	6,695	6,560	57	35	43
2015.06	중구	10,660	10,443	65	87	65
2015.06	용산구	15,634	15,503	43	84	4
2015.06	성동구	12,544	12,420	51	65	8
2015.06	광진구	8,912	8,824	40	47	1
2015.06	동대문구	7,124	7,030	27	64	3
2015.06	중랑구	4,969	4,863	28	68	10
2015.06	성북구	9,194	9,080	37	74	3
2015.06	강북구	3,627	3,587	14	22	4
2015.06	도봉구	4,462	4,385	22	51	4
2015.06	노원구	7,479	7,362	44	65	8
2015.06	은평구	7,108	7,033	22	49	4
2015.06	서대문구	6,506	6,396	34	57	19
2015.06	마포구	13,006	12,818	56	105	27
2015.06	양천구	12,068	11,752	55	73	188
2015.06	강서구	12,522	12,326	56	107	33
2015.06	구로구	7,304	7,149	33	90	32
2015.06	금천구	3,828	3,761	19	36	12
2015.06	영등포구	18,677	18,319	57	163	138
2015.06	동작구	8,851	8,782	19	44	6
2015.06	관악구	6,676	6,588	19	60	9
2015.06	서초구	39,125	38,814	129	129	53
2015.06	강남구	58,285	57,931	169	143	42
2015.06	송파구	27,480	27,283	78	104	15
2015.06	강동구	9,195	9,064	45	75	11
2015.07	합계	326,153	322,285	1,225	1,909	734
2015.07	종로구	6,766	6,631	55	36	44
2015.07	중구	10,704	10,501	64	87	52
2015.07	용산구	15,819	15,681	46	88	4
2015.07	성동구	12,720	12,595	52	65	8
2015.07	광진구	9,003	8,913	41	48	1
2015.07	동대문구	7,237	7,143	27	64	3
2015.07	중랑구	5,065	4,958	28	69	10
2015.07	성북구	9,386	9,266	39	78	3
2015.07	강북구	3,691	3,652	13	22	4
2015.07	도봉구	4,551	4,472	23	52	4
2015.07	노원구	7,642	7,525	45	65	7
2015.07	은평구	7,260	7,183	24	50	3
2015.07	서대문구	6,608	6,497	36	56	19
2015.07	마포구	13,238	13,054	57	100	27
2015.07	양천구	12,249	11,934	53	74	188
2015.07	강서구	12,784	12,589	58	104	33
2015.07	구로구	7,439	7,281	34	90	34
2015.07	금천구	3,876	3,808	21	35	12
2015.07	영등포구	18,976	18,617	57	162	140
2015.07	동작구	8,991	8,921	19	45	6
2015.07	관악구	6,797	6,710	20	57	10
2015.07	서초구	39,373	39,063	127	129	54
2015.07	강남구	58,807	58,448	167	150	42
2015.07	송파구	27,871	27,673	74	109	15
2015.07	강동구	9,300	9,170	45	74	11
2015.08	합계	329,854	325,965	1,234	1,925	730
2015.08	종로구	6,841	6,706	55	36	44
2015.08	중구	10,611	10,413	64	85	49
2015.08	용산구	16,029	15,887	46	92	4
2015.08	성동구	12,852	12,722	56	66	8
2015.08	광진구	9,131	9,038	43	49	1
2015.08	동대문구	7,330	7,236	27	64	3
2015.08	중랑구	5,152	5,045	27	70	10
2015.08	성북구	9,486	9,366	39	78	3
2015.08	강북구	3,738	3,699	13	23	3
2015.08	도봉구	4,613	4,535	21	53	4
2015.08	노원구	7,788	7,672	46	63	7
2015.08	은평구	7,393	7,311	28	50	4
2015.08	서대문구	6,702	6,590	37	56	19
2015.08	마포구	13,451	13,265	56	103	27
2015.08	양천구	12,407	12,094	52	74	187
2015.08	강서구	12,999	12,804	62	102	31
2015.08	구로구	7,516	7,360	31	91	34
2015.08	금천구	3,983	3,913	23	35	12
2015.08	영등포구	19,264	18,901	59	163	141
2015.08	동작구	9,056	8,986	17	47	6
2015.08	관악구	6,937	6,849	21	57	10
2015.08	서초구	39,593	39,286	126	130	51
2015.08	강남구	59,251	58,887	167	153	44
2015.08	송파구	28,257	28,058	72	110	17
2015.08	강동구	9,474	9,342	46	75	11
2015.09	합계	334,207	330,272	1,235	1,956	744
2015.09	종로구	6,924	6,786	55	38	45
2015.09	중구	10,561	10,356	63	85	57
2015.09	용산구	16,243	16,098	47	94	4
2015.09	성동구	13,091	12,961	58	64	8
2015.09	광진구	9,251	9,156	44	50	1
2015.09	동대문구	7,449	7,348	29	69	3
2015.09	중랑구	5,191	5,084	24	72	11
2015.09	성북구	9,640	9,519	40	78	3
2015.09	강북구	3,806	3,766	14	23	3
2015.09	도봉구	4,670	4,590	21	55	4
2015.09	노원구	7,965	7,851	44	63	7
2015.09	은평구	7,552	7,465	30	53	4
2015.09	서대문구	6,790	6,675	36	59	20
2015.09	마포구	13,666	13,481	53	105	27
2015.09	양천구	12,594	12,282	52	72	188
2015.09	강서구	13,295	13,106	58	100	31
2015.09	구로구	7,668	7,513	31	91	33
2015.09	금천구	4,019	3,949	23	35	12
2015.09	영등포구	19,450	19,084	60	163	143
2015.09	동작구	9,164	9,095	18	45	6
2015.09	관악구	7,091	7,002	19	60	10
2015.09	서초구	40,024	39,713	126	134	51
2015.09	강남구	59,787	59,409	172	161	45
2015.09	송파구	28,660	28,462	71	111	16
2015.09	강동구	9,656	9,521	47	76	12
2015.10	합계	338,071	334,146	1,217	1,957	751
2015.10	종로구	6,998	6,863	53	36	46
2015.10	중구	10,527	10,329	58	85	55
2015.10	용산구	16,429	16,285	45	95	4
2015.10	성동구	13,270	13,141	54	67	8
2015.10	광진구	9,365	9,273	43	48	1
2015.10	동대문구	7,531	7,429	28	71	3
2015.10	중랑구	5,243	5,136	23	73	11
2015.10	성북구	9,771	9,653	39	76	3
2015.10	강북구	3,868	3,828	14	23	3
2015.10	도봉구	4,717	4,640	20	53	4
2015.10	노원구	8,079	7,964	45	63	7
2015.10	은평구	7,650	7,562	31	53	4
2015.10	서대문구	6,866	6,761	33	52	20
2015.10	마포구	13,845	13,654	53	110	28
2015.10	양천구	12,718	12,414	41	73	190
2015.10	강서구	13,605	13,419	56	100	30
2015.10	구로구	7,785	7,631	31	90	33
2015.10	금천구	4,118	4,048	23	34	13
2015.10	영등포구	19,839	19,474	59	161	145
2015.10	동작구	9,250	9,181	17	45	7
2015.10	관악구	7,147	7,053	22	62	10
2015.10	서초구	40,224	39,912	127	134	51
2015.10	강남구	60,390	60,002	180	162	46
2015.10	송파구	29,010	28,801	77	115	17
2015.10	강동구	9,826	9,693	45	76	12
2015.11	합계	343,663	339,720	1,215	1,978	750
2015.11	종로구	7,050	6,911	52	36	51
2015.11	중구	10,588	10,398	57	86	47
2015.11	용산구	16,600	16,449	46	101	4
2015.11	성동구	13,577	13,446	54	69	8
2015.11	광진구	9,485	9,392	44	48	1
2015.11	동대문구	7,694	7,591	27	73	3
2015.11	중랑구	5,315	5,208	23	73	11
2015.11	성북구	9,896	9,780	38	75	3
2015.11	강북구	3,951	3,910	15	23	3
2015.11	도봉구	4,800	4,722	20	54	4
2015.11	노원구	8,206	8,089	44	66	7
2015.11	은평구	7,744	7,656	31	53	4
2015.11	서대문구	7,161	7,057	32	52	20
2015.11	마포구	14,099	13,909	52	111	27
2015.11	양천구	12,953	12,647	41	74	191
2015.11	강서구	13,922	13,735	56	103	28
2015.11	구로구	7,897	7,740	31	93	33
2015.11	금천구	4,186	4,116	23	34	13
2015.11	영등포구	20,261	19,897	58	160	146
2015.11	동작구	9,395	9,326	17	45	7
2015.11	관악구	7,274	7,184	21	60	9
2015.11	서초구	40,637	40,326	125	135	51
2015.11	강남구	61,574	61,178	182	165	49
2015.11	송파구	29,400	29,188	82	113	17
2015.11	강동구	9,998	9,865	44	76	13
2015.12	합계	349,734	345,771	1,219	1,996	748
2015.12	종로구	7,092	6,960	52	34	46
2015.12	중구	10,670	10,479	56	87	48
2015.12	용산구	16,814	16,663	46	102	3
2015.12	성동구	13,885	13,754	53	71	7
2015.12	광진구	9,660	9,563	43	53	1
2015.12	동대문구	7,842	7,738	28	73	3
2015.12	중랑구	5,408	5,301	23	73	11
2015.12	성북구	10,066	9,945	41	77	3
2015.12	강북구	3,995	3,953	15	23	4
2015.12	도봉구	4,873	4,795	20	53	5
2015.12	노원구	8,366	8,244	45	69	8
2015.12	은평구	7,865	7,777	31	53	4
2015.12	서대문구	7,415	7,311	32	52	20
2015.12	마포구	14,328	14,142	53	111	22
2015.12	양천구	13,160	12,852	41	74	193
2015.12	강서구	14,308	14,119	59	101	29
2015.12	구로구	8,029	7,874	31	91	33
2015.12	금천구	4,252	4,182	23	34	13
2015.12	영등포구	21,291	20,927	57	162	145
2015.12	동작구	9,543	9,475	17	44	7
2015.12	관악구	7,405	7,316	20	60	9
2015.12	서초구	41,012	40,699	129	131	53
2015.12	강남구	62,403	61,995	181	176	51
2015.12	송파구	29,892	29,681	80	114	17
2015.12	강동구	10,160	10,026	43	78	13
2016.01	합계	353,768	349,779	1,218	2,021	750
2016.01	종로구	7,156	7,023	50	37	46
2016.01	중구	10,702	10,510	58	86	48
2016.01	용산구	16,921	16,768	46	103	4
2016.01	성동구	14,033	13,899	53	74	7
2016.01	광진구	9,763	9,668	43	51	1
2016.01	동대문구	7,964	7,854	30	77	3
2016.01	중랑구	5,498	5,393	22	72	11
2016.01	성북구	10,124	10,003	40	78	3
2016.01	강북구	4,027	3,986	14	23	4
2016.01	도봉구	4,953	4,877	20	51	5
2016.01	노원구	8,468	8,347	45	68	8
2016.01	은평구	7,964	7,876	31	53	4
2016.01	서대문구	7,577	7,470	33	54	20
2016.01	마포구	14,495	14,315	51	107	22
2016.01	양천구	13,299	12,986	41	75	197
2016.01	강서구	14,570	14,374	61	107	28
2016.01	구로구	8,185	8,029	32	91	33
2016.01	금천구	4,300	4,229	23	35	13
2016.01	영등포구	21,987	21,618	58	166	145
2016.01	동작구	9,687	9,614	17	48	8
2016.01	관악구	7,517	7,423	22	63	9
2016.01	서초구	41,257	40,941	129	137	50
2016.01	강남구	62,841	62,444	176	170	51
2016.01	송파구	30,160	29,951	80	112	17
2016.01	강동구	10,320	10,181	43	83	13
2016.02	합계	357,008	353,013	1,216	2,026	753
2016.02	종로구	7,235	7,098	51	39	47
2016.02	중구	10,709	10,517	59	85	48
2016.02	용산구	17,007	16,853	46	104	4
2016.02	성동구	14,184	14,050	54	73	7
2016.02	광진구	9,978	9,878	48	51	1
2016.02	동대문구	8,020	7,911	29	77	3
2016.02	중랑구	5,562	5,454	23	74	11
2016.02	성북구	10,218	10,098	41	76	3
2016.02	강북구	4,070	4,029	14	23	4
2016.02	도봉구	4,999	4,926	19	50	4
2016.02	노원구	8,599	8,475	44	72	8
2016.02	은평구	8,058	7,972	29	53	4
2016.02	서대문구	7,703	7,593	33	57	20
2016.02	마포구	14,661	14,478	53	108	22
2016.02	양천구	13,470	13,154	42	77	197
2016.02	강서구	14,688	14,493	60	106	29
2016.02	구로구	8,281	8,131	31	86	33
2016.02	금천구	4,355	4,285	23	34	13
2016.02	영등포구	22,355	21,989	57	165	144
2016.02	동작구	9,828	9,754	17	49	8
2016.02	관악구	7,610	7,515	23	63	9
2016.02	서초구	41,458	41,140	128	137	53
2016.02	강남구	63,122	62,731	170	170	51
2016.02	송파구	30,430	30,222	80	111	17
2016.02	강동구	10,408	10,267	42	86	13
2016.03	합계	362,403	358,347	1,238	2,050	768
2016.03	종로구	7,303	7,163	53	39	48
2016.03	중구	10,680	10,485	60	85	50
2016.03	용산구	17,179	17,025	46	103	5
2016.03	성동구	14,385	14,251	55	72	7
2016.03	광진구	10,134	10,035	48	50	1
2016.03	동대문구	8,139	8,024	29	82	4
2016.03	중랑구	5,703	5,594	25	73	11
2016.03	성북구	10,394	10,270	44	77	3
2016.03	강북구	4,160	4,120	14	22	4
2016.03	도봉구	5,063	4,990	19	50	4
2016.03	노원구	8,757	8,628	45	76	8
2016.03	은평구	8,216	8,125	32	54	5
2016.03	서대문구	7,898	7,785	32	61	20
2016.03	마포구	14,936	14,755	52	107	22
2016.03	양천구	13,677	13,354	46	76	201
2016.03	강서구	15,003	14,801	60	112	30
2016.03	구로구	8,430	8,283	28	86	33
2016.03	금천구	4,404	4,334	23	33	14
2016.03	영등포구	22,913	22,547	55	166	145
2016.03	동작구	9,991	9,917	17	49	8
2016.03	관악구	7,750	7,653	23	65	9
2016.03	서초구	41,989	41,670	131	134	54
2016.03	강남구	63,819	63,422	173	171	53
2016.03	송파구	30,884	30,665	81	122	16
2016.03	강동구	10,596	10,451	47	85	13